1364.14650045
1364.51511045
1364.93071825
1365.08736588
1365.1417868
1365.16048575
1365.16679443
1365.1687054
1365.1689911
1365.1686691
1365.16816267
1365.16769843
1365.16743705
1365.16751298
1365.16805795
1365.16919727
1365.17103038
1362.4224828
1363.41692173
1364.23433258
1364.73600773
1365.03408845
1363.49038008
1364.12645512
1364.81863615
1365.08156905
1365.17646875
1365.1563913
1365.1885234
1365.2277466
1365.24765407
1365.26052917
1365.27132038
1365.28171585
1365.29229003
1364.89971417
1365.05648683
1365.23277725
1365.30612458
1365.33887015
1365.35731592
1365.02884627
1365.16286397
1365.31173193
1365.37208007
1365.39678063
1365.40816803
1365.4141699
1365.4175782
1365.41942212
1365.42013335
1365.4199423
1365.41901502
1363.28596287
1364.06817357
1364.93357235
1365.24728602
1365.3529426
1365.38665927
1364.2613566
1364.6046298
1365.11012697
1365.29625395
1365.3576843
1365.37647373
1365.38098447
1365.38076427
1365.37885785
1365.37613582
1365.25608833
1365.28115245
1365.33246885
1365.34697757
1365.34649842
1365.33987865
1365.32999165
1364.55484675
1364.8155153
1365.1108874
1364.31163505
1364.173537
1364.70778495
1365.02574858
1365.12638103
1365.1456949
1365.13684742
1365.1183159
1365.09657765
1365.07402942
1365.05168473
1365.03009397
1365.0096482
1364.990689
1364.97353828
1364.95851305
1364.9459273
1364.9360474
1364.92895042
1364.92466343
1364.92321442
1363.47357475
1363.93978713
1364.5805311
1364.82562818
1363.7849051
1364.23666693
1364.72756345
1364.92558882
1364.66257292
1364.83433705
1365.0107674
1365.09517308
1365.14408825
1365.18100178
1365.21387368
1365.24517098
1363.27441495
1364.04432892
1364.88455033
1365.20695325
1365.3332483
1365.39032965
1365.4223591
1365.44407715
1365.46023627
1365.47222702
1365.4804224
1365.48526455
1365.48718407
1364.2108987
1364.67090285
1365.18946932
1365.3745243
1365.4328678
1365.44713757
1365.44642412
1365.44075655
1365.43350688
1365.42582515
1360.85759907
1362.3531474
1364.29580612
1365.0187568
1365.2624111
1365.34074672
1365.3634833
1365.3435004
1364.6747332
1365.00593902
1365.23224745
1365.3123813
1365.33736098
1365.34341825
1364.8717825
1365.03900122
1365.22782033
1365.29586112
1365.3163019
1365.0255864
1365.12976018
1364.89814057
1365.02511873
1365.2029991
1365.2638876
1365.28020215
1365.28122482
1365.27689828
1365.27054548
1365.263271
1365.25543893
1364.58148875
1364.8126584
1365.07515913
1365.16728313
1365.19218735
1365.19357328
1363.18194548
1363.88398837
1364.70438708
1364.99768528
1365.09062187
1365.11463508
1364.51770785
1364.7267607
1364.96226407
1365.04492302
1365.06810098
1365.07128272
1365.06825045
1365.06367968
1365.01110762
1365.01916022
1365.03914252
1365.045229
1365.04650655
1365.04671128
1365.0470772
1365.0478506
1364.67783222
1364.81283648
1364.96550813
1365.02318593
1365.04317325
1363.4169307
1364.04844673
1364.69437698
1364.92527905
1365.00103933
1365.02226543
1365.02424895
1365.01895752
1364.38599563
1364.60061595
1364.84363255
1364.9260131
1364.94460735
1364.94050058
1364.9282365
1364.91292847
1364.89646615
1364.09321255
1364.35985577
1364.66439825
1364.76882045
1364.7952658
1364.79563105
1364.78816335
1364.77899383
1362.77765727
1363.59694513
1364.34635917
1364.61021842
1364.69867072
1364.72689423
1364.73548672
1364.7381962
1364.7396237
1364.7412713
1364.74359753
1364.27319113
1364.39556528
1364.62892892
1364.71805805
1364.7522619
1364.76822975
1364.7783913
1364.78686302
1364.79496325
1364.80307357
1364.811266
1364.81950357
1364.82771813
1364.83582565
1364.84374118
1364.85137835
1364.8586474
1364.86548942
1364.59213713
1364.69913228
1364.81925308
1364.86779175
1364.88819478
1364.8989154
1364.9064539
1364.5802277
1364.70665353
1364.84916625
1364.62138912
1364.74940947
1364.88016308
1364.9348269
1364.960374
1364.97654847
1364.99030315
1365.00406662
1365.01872605
1365.03460238
1365.051642
1365.0696856
1365.08855015
1365.10805
1365.1279943
1365.1481944
1365.16845842
1365.18859643
1365.20841742
1365.22774442
1365.24645343
1365.26443342
1365.28157542
1365.29776742
1365.31289942
1365.2742467
1365.30009135
1365.33679398
1365.35589293
1365.3672254
1365.37485193
1365.38015497
1365.3835935
1365.3853163
1365.38537167
1365.38377015
1365.38051167
1365.37559218
1365.36900735
1365.3607904
1365.35113442
1364.82384995
1361.0704526
1363.6658796
1364.70556205
1365.0851745
1365.20702013
1365.23953342
1364.86215415
1364.99209115
1365.13768088
1365.1177734
1365.14677023
1365.1803874
1365.19077075
1365.19418215
1365.19727775
1365.20252985
1365.21098455
1365.22306622
1363.4232116
1364.17654465
1364.89677102
1365.16977645
1365.27968665
1365.33332005
1365.3679352
1365.3958257
1365.42078853
1365.44375868
1364.83437455
1365.08005942
1365.35295245
1365.46156015
1365.50305725
1365.51831775
1365.5212814
1365.51633275
1365.50460322
1365.48637947
1365.46258825
1365.43428433
1365.4024777
1365.36816952
1365.33235313
1365.29601933
1365.2601614
1365.22577043
1365.19383743
1365.16518342
1365.13994342
1365.11808442
1365.09957042
1365.08436742
1365.07243942
1365.06375242
1365.05827043
1365.05596142
1365.05678743
1365.06063743
1365.06708942
1365.07564042
1365.08579242
1365.09704342
1360.48645225
1361.9941051
1364.01132977
1364.7619841
1365.02399625
1365.11661088
1365.15099623
1365.1648871
1365.17111707
1365.1077954
1365.12583262
1362.1982338
1363.2766314
1364.48814397
1364.94120288
1365.0965118
1365.14908892
1365.1670428
1365.1734763
1365.17617358
1362.64750228
1363.3993494
1364.5399994
1364.965002
1365.11089348
1365.1613589
1365.17961218
1365.1867881
1365.18983052
1364.22185058
1364.5707085
1364.9644093
1365.10917408
1365.15497825
1365.16522385
1365.16200813
1365.15315095
1365.14157605
1365.12852077
1363.73028705
1364.2149119
1364.76563242
1364.96337705
1365.02308295
1365.03604408
1365.03433703
1365.02879498
1365.02304198
1365.0182974
1365.01496535
1365.0131826
1364.55349775
1364.72047425
1364.91096608
1364.98574393
1365.01597465
1365.0316106
1365.04293088
1365.0532446
1359.20380115
1361.02878735
1363.63691417
1364.6018379
1364.93782647
1365.056568
1365.01434353
1365.05521045
1365.10705965
1365.12854923
1365.13794403
1365.14262923
1365.1451237
1365.14628438
1365.14641112
1365.14561525
1365.14395732
1365.14151205
1365.13835897
1365.13457427
1365.13023137
1365.1254064
1365.12017342
1365.11460842
1365.10878442
1365.10277742
1365.09664043
1360.43985235
1353.7974054
1359.93448135
1362.65943195
1364.06022213
1364.7072666
1364.92880038
1364.9977944
1365.01453023
1365.01322957
1365.00544485
1364.99507003
1364.25826383
1364.42721075
1364.76431657
1364.87887905
1364.90778525
1364.90733013
1364.8966576
1361.69792175
1362.7938803
1364.1130665
1364.58313267
1364.73090452
1364.76869385
1364.76948875
1364.75787883
1364.74216843
1364.72520003
1360.7864629
1361.97881372
1363.69808893
1364.32697758
1364.53133685
1364.59069102
1364.60182788
1364.59747605
1364.58871808
1364.57935065
1364.57070628
1364.56321065
1364.55699037
1364.55208138
1364.5484864
1364.54619875
1364.5452082
1364.54550435
1364.5470754
1364.54990742
1364.38924957
1364.43551955
1364.52091827
1364.5564597
1364.57299475
1364.58307158
1364.59080378
1364.5974128
1364.6031504
1364.60794628
1364.61169532
1364.61454605
1364.61671163
1364.61839718
1364.61980835
1364.6211504
1364.62262943
1364.62444842
1364.62681243
1364.62992742
1364.63398642
1364.63913742
1364.64551742
1363.5663882
1363.96726652
1364.42161125
1364.60023598
1364.67172085
1364.70757663
1364.73287482
1364.60286385
1364.6650103
1364.76400557
1364.81724305
1364.8534171
1364.45113788
1364.63610215
1364.84097805
1364.9346862
1361.05211502
1362.33032337
1364.0786808
1364.741409
1364.98209178
1365.07729653
1365.12288177
1365.1512259
1365.17323943
1365.19260947
1365.21059855
1365.22764007
1365.2438365
1365.25918642
1365.2736584
1365.28720675
1365.2997872
1365.31135035
1365.3218494
1365.33123442
1365.33945742
1365.34644142
1365.35198842
1365.35587442
1365.35787342
1365.35775842
1365.35530542
1365.35028743
1365.34247843
1365.33165343
1365.31758743
1365.30016542
1365.27971942
1365.04395298
1365.07202097
1365.1479314
1364.48592373
1364.7117066
1364.96071313
1365.0355149
1365.0425163
1365.02682617
1365.004175
1364.97990387
1364.11638623
1364.39565942
1364.71606535
1364.82336072
1364.8477135
1364.84430437
1364.83243948
1364.81867512
1364.80515113
1364.79252458
1364.78096323
1364.77046662
1364.7609808
1364.7524322
1364.74474102
1364.7378273
1364.7316074
1364.72600442
1364.72096442
1364.71643442
1364.71236642
1364.70871042
1364.70541442
1364.70242942
1364.69970442
1364.24064415
1364.4027944
1364.58681412
1364.65426482
1364.67578917
1364.681254
1364.68101875
1364.67852257
1364.67484727
1364.67028332
1364.66485092
1364.65848157
1364.65111948
1364.64286677
1364.6338622
1364.62424435
1364.6141534
1364.60372642
1364.59310142
1364.58241842
1364.57181442
1364.56142742
1364.55139342
1364.54183442
1364.53286942
1364.52461842
1364.51720042
1364.10720547
1364.24721102
1364.407649
1364.4663695
1364.48602845
1364.49320803
1364.4970904
1364.33142728
1364.37807503
1364.46505862
1364.50116837
1364.5182828
1361.96569918
1362.99756013
1364.00426238
1364.37212832
1364.50499233
1356.98742027
1358.87931615
1362.53964458
1363.9090693
1364.38018253
1364.54363203
1364.60291607
1364.62647008
1364.63721748
1364.64293875
1364.64631195
1364.6482904
1364.1190625
1364.31021093
1364.52590832
1364.60559818
1364.6315322
1364.63860713
1364.63907498
1363.23858637
1363.33607398
1364.05172608
1363.76508522
1364.13459928
1364.4479275
1364.56277925
1364.60184237
1364.61544693
1364.62114613
1364.62481865
1364.6283905
1364.6324648
1364.63720332
1364.64261565
1364.64866415
1364.65529232
1364.66243708
1364.6700373
1364.6780094
1364.68620142
1364.69444142
1364.70255843
1364.71038342
1364.71774342
1364.3651225
1364.50052325
1364.65208173
1364.51172712
1364.58284928
1364.68660858
1364.72407952
1364.73569918
1364.1817157
1363.74854072
1364.44488717
1364.62466233
1364.68795183
1364.7055967
1364.70712145
1364.70302417
1364.6970204
1364.69050423
1364.68408798
1364.67811615
1364.67284963
1364.66851548
1364.66533377
1364.66351722
1364.66323535
1364.6644724
1364.02505375
1364.260507
1364.52791002
1364.63263893
1364.67414622
1364.69453548
1364.70847503
1364.72089785
1364.73341323
1364.45486295
1364.5735741
1364.70670625
1364.76579038
1364.5785734
1364.65307562
1364.7747617
1364.82866015
1364.8564156
1364.87503677
1364.89031215
1364.90418013
1364.91728403
1364.92983007
1364.94188192
1364.95345122
1364.96453635
1364.25332493
1364.53268127
1364.83391198
1364.94907017
1364.99406168
1365.01453135
1365.02646518
1365.03528957
1365.042853
1365.04979435
1365.05634687
1365.0626085
1365.06863543
1364.33517137
1364.60728683
1364.9145833
1365.0331005
1365.07746905
1365.0962916
1365.10657935
1365.11413752
1365.12095617
1365.03623692
1365.0661503
1365.1177347
1365.1417617
1365.15556453
1365.1663027
1365.17644595
1365.18685915
1365.1978664
1363.03763375
1363.9811951
1364.80154315
1365.10049
1365.21273452
1365.14780615
1365.20081837
1365.27216605
1365.30617935
1365.32547517
1363.49235937
1363.4873884
1364.66885565
1365.13212643
1365.29409368
1360.98962365
1361.8913987
1364.13157715
1364.95490995
1365.23495827
1365.32558205
1365.35081205
1365.35279475
1365.34586442
1365.3349767
1365.32193193
1365.30747307
1365.29198612
1365.2757376
1365.2589538
1365.24184655
1365.22460312
1365.20731433
1365.1900504
1365.17287842
1365.15586942
1364.76622017
1364.8430305
1365.0070248
1365.05734407
1365.0644315
1365.05724465
1365.04543672
1365.03206368
1365.01799075
1365.0033505
1364.98802832
1364.97182802
1364.95452363
1364.93588282
1364.91566722
1364.89365035
1364.38070205
1364.53072077
1364.70172493
1364.74406082
1359.6243712
1361.87921362
1363.70062235
1364.35711612
1364.57211418
1363.92371923
1364.19523568
1364.48502768
1364.58849088
1364.61984987
1364.62710137
1364.62690682
1364.62482542
1363.61529327
1363.97649297
1364.38622155
1364.53919307
1364.59141707
1364.60892108
1364.61468593
1364.61644228
1364.442967
1364.4863697
1364.5700905
1364.60056205
1364.6106459
1364.44409245
1363.67964135
1364.18521128
1364.46394518
1364.56390977
1364.59804727
1363.7919518
1363.37180035
1364.13401405
1364.45136818
1364.56084313
1364.59781897
1364.61027165
1364.61441803
1364.61570388
1364.6159951
1364.6159447
1364.61579965
1364.61567043
1364.6156174
1364.61568943
1364.6159271
1364.61637233
1364.6170634
1364.61802943
1364.61925842
1363.70473355
1364.0799522
1360.34904942
1361.7149598
1363.58170015
1364.27585605
1364.5138704
1364.5956723
1364.6249132
1364.63669852
1364.64296045
1364.64782953
1364.6528138
1364.65854178
1364.66534508
1364.26195007
1364.451305
1364.6112884
1364.67924653
1364.71286093
1364.73562018
1364.75558663
1364.77538933
1364.79580777
1364.81700157
1364.8389177
1364.86143382
1364.56040253
1364.46134408
1364.5461694
1364.80579108
1364.92366217
1364.97680642
1365.00568025
1365.02445132
1365.0376296
1363.62670443
1364.1427446
1364.72211848
1364.9353804
1365.00347713
1365.02054462
1365.02004935
1365.01393812
1365.00682792
1365.00086835
1364.74456588
1364.13279945
1364.62156273
1364.8760863
1364.97385058
1365.01486835
1365.0362522
1365.05005993
1365.0596571
1365.06546583
1365.0669154
1365.06310158
1365.05350507
1365.03954495
1365.0231256
1365.00614715
1364.94960968
1364.5532292
1364.76514242
1364.89784798
1364.9545618
1364.9904429
1365.02739788
1363.54612425
1364.13605778
1364.82091783
1365.10629687
1364.7131729
1364.76788275
1365.15330885
1365.32287995
1365.07898613
1365.20877653
1365.32893068
1365.355327
1365.34071627
1365.30861672
1365.26878968
1365.22612363
1365.18385433
1365.14465478
1365.11101312
1365.0848033
1365.06568905
1362.51584155
1360.4351421
1363.11750353
1363.94505927
1364.5443366
1364.87420608
1364.9957897
1365.04065493
1365.05850392
1365.06645357
1365.0702669
1365.07182095
1365.0716816
1364.76364913
1364.5202259
1364.76655977
1364.94965135
1365.01067705
1365.02405807
1365.02012965
1365.00968113
1364.99661075
1364.98247435
1364.96803568
1364.95379805
1364.9401716
1359.99330242
1361.4688155
1363.66647003
1364.4781696
1364.752059
1364.84308667
1360.04544255
1358.5830865
1362.50393085
1364.09074812
1364.64471983
1364.84327345
1364.79870112
1364.8329637
1364.5471563
1364.81521587
1364.98682955
1365.06807263
1365.1163257
1365.15302827
1365.18510087
1365.21447673
1361.93007788
1363.34217248
1364.6141603
1365.07796742
1362.78129383
1363.69269325
1364.7634943
1365.16180295
1365.30095087
1365.3488004
1365.36375098
1365.36595747
1365.3625795
1365.35636855
1365.3485934
1364.79217008
1364.98082187
1365.19595663
1365.27210247
1365.29469053
1365.3000858
1365.30071378
1365.01750993
1364.5700894
1364.8679984
1365.14639855
1365.25117707
1365.28810885
1365.30136403
1365.30616645
1365.30753797
1363.7372947
1364.45825937
1365.0010155
1365.1968473
1365.26042407
1365.27782978
1365.27894605
1365.27385048
1365.26591273
1365.25632437
1365.2458617
1364.80214715
1364.94768092
1364.83183655
1364.99131813
1365.12253893
1365.16872975
1365.18412457
1365.191137
1365.19768288
1365.20591195
1364.49969988
1362.69011357
1364.15609202
1364.78191713
1364.93241398
1365.15721917
1365.24996412
1365.19553077
1365.23475725
1365.286846
1365.30682888
1365.31358922
1365.31493348
1365.31367405
1365.31091447
1365.30718518
1365.30282693
1365.29811522
1365.2814321
1364.98311898
1364.09466435
1364.65885893
1365.11516565
1365.24697397
1365.20478775
1365.2591647
1365.29625135
1365.3134741
1365.3338931
1364.6323673
1364.77138373
1365.1737286
1365.4047005
1365.46383913
1365.48768748
1365.5072671
1365.5218941
1365.5303651
1365.52780015
1365.4539166
1365.47655902
1365.50465448
1365.4932141
1365.4795091
1365.46585147
1365.4302357
1365.3469636
1365.44604437
1365.4527289
1365.3736568
1365.46597965
1365.50880585
1365.5340131
1365.5601241
1365.5870331
1365.6137061
1365.6391041
1365.6621931
1365.6822081
1365.6994761
1365.7145961
1365.7281661
1365.7407861
1365.7530531
1365.7655671
1365.7789261
1365.7937291
1365.8105751
1365.8297831
1365.8505561
1365.8718181
1365.8924901
1365.9114981
1365.9277631
1365.9402101
1365.9477611
1365.9493401
1365.9438701
1365.92496697
1365.81093658
1364.53950488
1364.80781933
1365.1797002
1365.73420125
1365.62910867
1365.66206087
1365.69774697
1365.6898247
1365.59424657
1365.17507635
1365.73758582
1365.61172107
1365.32469125
1365.67643897
1365.81125145
1365.86843732
1365.86599145
1365.82248312
1365.7881711
1365.32132183
1364.67621685
1365.35709912
1365.66778835
1365.65003523
1365.73830075
1365.79296748
1365.8245195
1365.79786595
1364.757946
1363.24021548
1364.44938055
1365.4402259
1365.64605248
1365.7150387
1365.73397913
1365.72604225
1365.7235227
1365.71930198
