1360.7663
1360.7686
1360.766
1360.6702
1360.5226
1360.4249
1360.397
1360.4742
1360.6674
1360.894
1360.973
1360.869
1360.7499
1360.6683
1360.6611
1360.5751
1360.5154
1360.4252
1360.574
1360.8166
1361.0713
1361.0062
1360.9318
1360.7272
1360.5906
1360.4468
1360.4142
1360.4147
1360.3554
1360.3354
1360.4596
1360.5977
1360.5159
1360.4941
1360.6541
1360.5347
1360.3687
1360.3122
1360.2656
1360.254
1360.2841
1360.5411
1360.6503
1360.8187
1360.9329
1360.7892
1360.5822
1360.4452
1360.4164
1360.3458
1360.3227
1360.2592
1360.2867
1360.4753
1360.7487
1360.5759
1360.7703
1360.6534
1360.7142
1360.587
1360.457
1360.3574
1360.3091
1360.3096
1360.4144
1360.7286
1360.9615
1361.1534
1361.1036
1360.8415
1360.6486
1360.5436
1360.4438
1360.44
1360.5062
1360.7217
1360.8384
1361.0274
1360.9018
1360.8481
1360.8134
1360.6843
1360.5691
1360.4931
1360.5623
1360.8021
1361.2311
1361.2075
1361.1309
1361.0941
1361.001
1360.9139
1360.7935
1360.6286
1360.6755
1360.9437
1361.0909
1361.3952
1361.5088
1361.4113
1361.1204
1360.8522
1360.8249
1360.6963
1360.7034
1360.8836
1361.4239
1361.9423
1361.8635
1361.5638
1361.43
1360.9982
1360.8006
1360.735
1360.7302
1360.7765
1361.0046
1361.2255
1361.3062
1361.3796
1361.3784
1361.0425
1361.1027
1360.8672
1360.7735
1360.718
1360.6971
1360.893
1361.2187
1361.6041
1361.6423
1361.6858
1361.2336
1361.2162
1360.7929
1360.6356
1360.6442
1360.7853
1361.122
1361.6458
1361.5546
1361.5203
1361.3107
1360.9452
1360.7444
1360.7342
1360.6788
1360.8097
1361.1784
1361.4825
1361.6628
1361.5711
1361.6357
1361.02
1360.9186
1360.7522
1360.6731
1360.5711
1360.538
1360.5567
1360.8024
1361.0743
1361.241
1361.3588
1361.3959
1361.4291
1361.0082
1360.7502
