279.28
279.274
279.272
279.273
279.273
279.276
279.281
279.283
279.285
279.293
279.295
279.298
279.302
279.303
279.305
279.307
279.311
279.313
279.315
279.32
279.319
279.324
279.325
279.326
279.326
279.323
279.323
279.321
279.322
279.323
279.326
279.326
279.326
279.324
279.329
279.324
279.325
279.323
279.327
279.329
279.334
279.334
279.334
279.339
279.349
279.349
279.352
279.349
279.349
279.352
279.355
279.353
279.355
279.352
279.352
279.35
279.348
279.346
279.349
279.348
279.347
279.351
279.345
279.347
279.348
279.347
279.336
279.326
279.317
279.314
279.312
279.308
279.306
279.303
279.285
279.276
279.269
279.259
279.252
279.238
279.227
279.224
279.216
279.204
279.191
279.185
279.17
279.158
279.147
279.148
279.14
279.129
279.122
279.109
279.098
279.086
279.078
279.07
279.055
279.045
279.038
279.021
279.015
279.002
278.994
278.989
278.981
278.961
278.95
278.938
278.93
278.918
278.909
278.899
278.894
278.883
278.871
278.866
278.857
278.849
278.831
278.817
278.804
278.792
278.784
278.772
278.768
278.753
278.742
278.74
278.723
278.713
278.704
278.696
278.684
278.679
278.673
278.658
278.649
278.644
278.639
278.63
278.622
278.617
278.611
278.615
278.624
278.63
278.635
278.635
278.64
278.652
278.653
278.661
278.672
278.699
278.708
278.719
278.727
278.735
278.75
278.757
278.763
278.775
278.787
278.796
278.81
278.82
278.839
278.854
278.89
278.907
278.923
278.949
278.96
278.963
278.972
278.978
278.986
278.996
279.006
279.008
279.024
279.038
279.057
279.069
279.092
279.115
279.148
279.169
279.183
279.201
279.217
279.241
279.262
279.278
279.294
279.314
279.339
279.358
279.382
279.404
279.426
279.448
279.477
279.499
279.524
279.541
279.56
279.579
279.601
279.63
279.661
279.692
279.73
279.76
279.795
279.828
279.86
279.892
279.917
279.949
279.984
280.018
280.052
280.087
280.126
280.164
280.2
280.236
280.276
280.313
280.353
280.395
280.437
280.48
280.514
280.554
280.591
280.632
280.674
280.71
280.754
280.793
280.835
280.876
280.913
280.955
280.991
281.034
281.079
281.128
281.173
281.218
281.273
281.328
281.371
281.418
281.46
281.512
281.557
281.601
281.641
281.685
281.729
281.768
281.802
281.838
281.873
281.91
281.948
281.983
282.023
282.061
282.097
282.133
282.173
282.207
282.245
282.282
282.314
282.35
282.384
282.416
282.45
282.483
282.513
282.547
282.578
282.607
282.647
282.68
282.707
282.738
282.773
282.804
282.832
282.861
282.882
282.915
282.947
282.969
282.996
283.021
283.048
283.077
283.105
283.135
283.167
283.193
283.213
283.232
283.251
283.276
283.306
283.331
283.356
283.38
283.401
283.42
283.448
283.473
283.494
283.517
283.543
283.565
283.587
283.61
283.631
283.655
283.675
283.699
283.719
283.739
283.758
283.779
283.795
283.814
283.836
283.854
283.877
283.893
283.913
283.929
283.948
283.961
283.982
283.999
284.01
284.028
284.048
284.058
284.071
284.096
284.112
284.125
284.131
284.141
284.152
284.158
284.165
284.164
284.164
284.166
284.168
284.169
284.169
284.168
284.164
284.167
284.165
284.165
284.164
284.159
284.164
284.164
284.166
284.165
284.164
284.16
284.157
284.156
284.15
284.145
284.128
284.098
284.07
284.055
284.045
284.022
283.999
283.967
283.942
283.924
283.896
283.876
283.846
283.816
283.797
283.769
283.744
283.726
283.699
283.679
283.661
283.646
283.63
283.611
283.589
283.566
283.545
283.52
283.498
283.473
283.452
283.423
283.4
283.371
283.342
283.311
283.282
283.256
283.225
283.195
283.175
283.152
283.128
283.106
283.089
283.06
283.034
283.014
282.996
282.983
282.954
282.932
282.912
282.889
282.858
282.835
282.815
282.79
282.758
282.724
282.698
282.67
282.643
282.613
282.584
282.551
282.517
282.478
282.446
282.42
282.394
282.359
282.333
282.299
282.273
282.233
282.202
282.173
282.142
282.114
282.086
282.06
282.028
282.004
281.984
281.967
281.94
281.929
281.91
281.888
281.87
281.86
281.844
281.835
281.817
281.799
281.787
281.781
281.774
281.761
281.745
281.722
281.707
281.698
281.686
281.671
281.656
281.635
281.615
281.605
281.596
281.591
281.581
281.575
281.564
281.559
281.554
281.542
281.538
281.53
281.524
281.517
281.512
281.503
281.494
281.487
281.481
281.471
281.454
281.435
281.42
281.394
281.376
281.356
281.328
281.294
281.278
281.259
281.237
281.232
281.217
281.205
281.2
281.197
281.182
281.167
281.167
281.164
281.162
281.156
281.166
281.164
281.172
281.174
281.163
281.16
281.156
281.139
281.117
281.087
281.063
281.046
281.027
281.017
281.014
281.006
280.996
280.99
280.985
280.985
280.986
280.982
280.979
280.97
280.963
280.949
280.934
280.921
280.913
280.899
280.879
280.864
280.834
280.824
280.811
280.798
280.775
280.759
280.746
280.732
280.717
280.705
280.691
280.68
280.67
280.662
280.65
280.638
280.634
280.636
280.636
280.631
280.626
280.63
280.627
280.611
280.602
280.605
280.596
280.585
280.568
280.552
280.54
280.518
280.499
280.483
280.464
280.445
280.425
280.406
280.387
280.376
280.369
280.359
280.358
280.349
280.347
280.344
280.339
280.33
280.324
280.318
280.304
280.298
280.29
280.281
280.274
280.272
280.266
280.263
280.274
280.3
280.304
280.324
280.334
280.376
280.41
280.422
280.427
280.425
280.434
280.438
280.428
280.465
280.487
280.518
280.551
280.579
280.63
280.672
280.716
280.754
280.79
280.829
280.869
280.911
280.951
280.99
281.024
281.058
281.088
281.102
281.109
281.115
281.102
281.11
281.134
281.16
281.179
281.194
281.231
281.265
281.301
281.336
281.378
281.414
281.455
281.47
281.493
281.521
281.559
281.591
281.629
281.659
281.71
281.763
281.824
281.877
281.931
281.99
282.047
282.106
282.164
282.225
282.275
282.329
282.392
282.448
282.501
282.56
282.613
282.67
282.723
282.775
282.831
282.888
282.94
282.996
283.041
283.087
283.136
283.178
283.218
283.248
283.274
283.302
283.333
283.371
283.404
283.436
283.467
283.5
283.529
283.538
283.555
283.558
283.558
283.559
283.548
283.54
283.528
283.513
283.504
283.494
283.483
283.481
283.482
283.472
283.453
283.46
283.458
283.454
283.442
283.429
283.402
283.38
283.339
283.311
283.255
283.208
283.154
283.091
283.034
282.983
282.921
282.866
282.799
282.737
282.687
282.626
282.565
282.495
282.449
282.395
282.334
282.263
282.214
282.147
282.08
282.011
281.93
281.856
281.787
281.713
281.621
281.537
281.461
281.377
281.302
281.229
281.145
281.05
280.956
280.868
280.774
280.68
280.584
280.48
280.382
280.281
280.18
280.083
279.986
279.886
279.784
279.675
279.569
279.467
279.353
279.237
279.117
278.986
278.867
278.731
278.619
278.531
278.44
278.376
278.305
278.217
278.14
278.063
278.003
277.957
277.896
277.821
277.793
277.76
277.764
277.756
277.706
277.636
277.571
277.497
277.434
277.359
277.287
277.219
277.163
277.091
277.04
276.995
276.938
276.882
276.844
276.796
276.75
276.715
276.68
276.653
276.627
276.605
276.58
276.553
276.537
276.518
276.502
276.49
276.482
276.473
276.465
276.453
276.441
276.435
276.43
276.423
276.417
276.408
276.397
276.399
276.386
276.371
276.364
276.359
276.345
276.332
276.319
276.308
276.308
276.295
276.298
276.285
276.274
276.272
276.281
276.285
276.291
276.305
276.315
276.332
276.348
276.368
276.367
276.387
276.406
276.438
276.462
276.505
276.536
276.569
276.608
276.634
276.654
276.677
276.696
276.71
276.711
276.728
276.724
276.73
276.749
276.747
276.75
276.739
276.746
276.748
276.747
276.746
276.75
276.758
276.757
276.755
276.749
276.743
276.745
276.739
276.736
276.741
276.733
276.731
276.725
276.723
276.717
276.716
276.717
276.71
276.706
276.695
276.698
276.701
276.7
276.708
276.718
276.719
276.712
276.707
276.715
276.723
276.73
276.733
276.739
276.753
276.76
276.773
276.79
276.812
276.835
276.855
276.876
276.901
276.926
276.953
276.986
277.014
277.044
277.08
277.109
277.147
277.188
277.229
277.263
277.304
277.351
277.389
277.442
277.489
277.54
277.605
277.664
277.732
277.796
277.859
277.913
277.958
278.017
278.078
278.135
278.194
278.27
278.334
278.412
278.491
278.586
278.683
278.774
278.866
278.959
279.054
279.145
279.243
279.34
279.434
279.532
279.629
279.729
279.831
279.933
280.037
280.141
280.241
280.332
280.415
280.4919999
280.5549999
280.6229999
280.6819999
280.7529999
280.8339999
280.9189999
280.9939999
281.0729999
281.1569999
281.2339999
281.3219999
281.4089999
281.4959999
281.5659999
281.6479999
281.7179999
281.7899999
281.8579999
281.9309999
281.9919999
282.0589999
282.1269999
282.1999999
282.2719999
282.3459999
282.4149999
282.4769999
282.5399999
282.6179999
282.6759999
282.6929999
282.6929999
282.7079999
282.7609999
282.8249999
282.8909999
282.9219999
282.9659999
283.0279999
283.0859999
283.1489999
283.1979999
283.2529999
283.3109999
283.3819999
283.4669999
283.5279999
283.5659999
283.6089999
283.7249999
283.8469999
283.9359999
284.0679999
284.2069999
284.3169999
284.4509998
284.5979998
284.7309998
284.8459998
284.9409998
285.0489998
285.2039998
285.3689998
285.5449998
285.7389997
285.9329997
286.0999997
286.2709997
286.4419997
286.6139996
286.7809996
286.9549996
287.1049996
287.2249996
287.3549996
287.4939995
287.6639995
287.8599995
288.0609995
288.2909994
288.5199994
288.7519994
288.9929994
289.2209994
289.4699993
289.7369993
290.0189993
290.2629992
290.5119992
290.7969992
291.0999992
291.4139991
291.7629991
292.1129991
292.457999
292.815999
293.1669989
293.4769989
293.7909989
294.0789989
294.3649988
294.6459988
294.9539987
295.2999986
295.6749984
296.006998
296.3249974
296.6539968
296.9539963
297.2889957
297.6619951
298.0979945
298.517994
298.9359935
299.3769929
299.8289923
300.3529917
300.9099911
301.4189908
301.9369903
302.4849897
303.0109891
303.4489886
303.8139883
304.2459877
304.5999873
304.9449868
305.2709861
305.6299855
305.812985
305.9539845
306.1769839
306.3289833
306.4949827
306.6199824
306.8219821
307.0929818
307.4019813
307.7849806
308.22698
309.0119793
309.7639786
310.2939782
310.8509776
311.3569769
311.8109763
312.1719757
312.3899752
312.4129748
312.3849746
312.389974
312.4859732
312.5209725
312.6319721
312.8209713
313.0139706
313.34197
313.7299694
314.0949688
314.414968
314.6979672
314.9919665
315.3449659
315.8069651
316.6249644
317.2989638
318.0439631
318.6499622
319.3329614
319.8159605
320.8799597
321.4799589
322.388958
323.250957
324.7829559
325.399955
327.3489541
329.9089531
330.7559525
330.826952
331.544951
333.3529501
335.0099494
336.6049484
338.7049479
340.0589478
340.6439474
342.2659473
344.0079495
345.4589538
346.9029481
348.7749474
351.2759329
352.8939214
354.0729301
355.3529349
356.2289489
356.9249589
358.2539622
360.2389564
362.0049615
363.2519618
365.932958
367.8449748
