277.78
277.78
277.77
277.77
277.77
277.76
277.76
277.75
277.75
277.75
277.74
277.74
277.73
277.73
277.73
277.72
277.72
277.72
277.71
277.71
277.7
277.7
277.7
277.69
277.69
277.69
277.68
277.68
277.68
277.67
277.67
277.67
277.66
277.66
277.66
277.65
277.65
277.65
277.65
277.64
277.64
277.64
277.63
277.63
277.63
277.63
277.62
277.62
277.62
277.61
277.61
277.61
277.61
277.61
277.6
277.6
277.6
277.6
277.59
277.59
277.59
277.59
277.59
277.59
277.58
277.58
277.58
277.58
277.58
277.58
277.58
277.58
277.57
277.57
277.57
277.57
277.57
277.57
277.57
277.57
277.57
277.57
277.57
277.57
277.57
277.57
277.57
277.57
277.57
277.57
277.57
277.58
277.58
277.58
277.58
277.58
277.58
277.58
277.59
277.59
277.59
277.59
277.59
277.6
277.6
277.6
277.6
277.61
277.61
277.61
277.62
277.62
277.63
277.63
277.64
277.64
277.65
277.65
277.66
277.66
277.67
277.67
277.68
277.69
277.69
277.7
277.71
277.72
277.72
277.73
277.74
277.75
277.76
277.77
277.78
277.79
277.8
277.81
277.82
277.83
277.84
277.85
277.87
277.88
277.89
277.91
277.92
277.93
277.95
277.96
277.98
278.0
278.01
278.03
278.04
278.06
278.08
278.1
278.12
278.14
278.16
278.18
278.2
278.22
278.24
278.26
278.28
278.3
278.33
278.35
278.37
278.4
278.42
278.45
278.47
278.5
278.52
278.55
278.58
278.6
278.63
278.66
278.69
278.72
278.74
278.77
278.8
278.83
278.86
278.89
278.92
278.95
278.98
279.01
279.04
279.08
279.11
279.14
279.17
279.2
279.23
279.27
279.3
279.33
279.36
279.4
279.43
279.46
279.49
279.53
279.56
279.59
279.63
279.66
279.69
279.73
279.76
279.79
279.83
279.86
279.9
279.93
279.96
280.0
280.03
280.07
280.11
280.14
280.18
280.22
280.25
280.29
280.33
280.37
280.41
280.45
280.49
280.53
280.57
280.61
280.65
280.69
280.73
280.77
280.81
280.85
280.89
280.93
280.97
281.02
281.06
281.1
281.14
281.18
281.22
281.26
281.3
281.34
281.38
281.42
281.46
281.5
281.54
281.58
281.61
281.65
281.69
281.72
281.76
281.8
281.83
281.86
281.9
281.93
281.96
281.99
282.02
282.05
282.08
282.1
282.13
282.16
282.18
282.2
282.23
282.25
282.27
282.29
282.31
282.33
282.35
282.37
282.39
282.4
282.42
282.43
282.45
282.46
282.47
282.48
282.5
282.51
282.52
282.53
282.54
282.54
282.55
282.56
282.57
282.57
282.58
282.58
282.59
282.59
282.6
282.6
282.61
282.61
282.61
282.61
282.62
282.62
282.62
282.62
282.62
282.62
282.63
282.63
282.63
282.63
282.63
282.63
282.63
282.63
282.63
282.63
282.63
282.64
282.64
282.64
282.64
282.64
282.64
282.64
282.64
282.64
282.64
282.64
282.64
282.64
282.64
282.64
282.64
282.64
282.64
282.63
282.63
282.63
282.63
282.62
282.62
282.62
282.61
282.61
282.61
282.6
282.6
282.59
282.58
282.58
282.57
282.56
282.56
282.55
282.54
282.54
282.53
282.52
282.51
282.5
282.49
282.48
282.47
282.46
282.45
282.44
282.43
282.42
282.41
282.39
282.38
282.37
282.36
282.35
282.33
282.32
282.31
282.29
282.28
282.26
282.25
282.23
282.22
282.2
282.18
282.17
282.15
282.13
282.11
282.09
282.07
282.05
282.02
282.0
281.98
281.96
281.93
281.91
281.88
281.86
281.84
281.81
281.79
281.76
281.74
281.71
281.69
281.66
281.64
281.61
281.59
281.56
281.54
281.52
281.49
281.47
281.45
281.43
281.41
281.38
281.36
281.35
281.33
281.31
281.29
281.27
281.26
281.24
281.23
281.21
281.2
281.18
281.17
281.16
281.14
281.13
281.12
281.11
281.1
281.08
281.07
281.06
281.05
281.04
281.03
281.02
281.02
281.01
281.0
280.99
280.99
280.98
280.98
280.97
280.97
280.96
280.96
280.96
280.96
280.96
280.96
280.96
280.97
280.97
280.97
280.98
280.98
280.99
281.0
281.0
281.01
281.02
281.02
281.03
281.04
281.05
281.06
281.07
281.08
281.08
281.09
281.1
281.11
281.12
281.13
281.13
281.14
281.15
281.15
281.16
281.17
281.17
281.18
281.18
281.18
281.19
281.19
281.19
281.19
281.19
281.2
281.2
281.2
281.19
281.19
281.19
281.19
281.18
281.18
281.18
281.17
281.17
281.16
281.15
281.14
281.14
281.13
281.12
281.11
281.1
281.09
281.08
281.07
281.06
281.05
281.04
281.04
281.03
281.02
281.01
281.0
280.99
280.98
280.97
280.97
280.96
280.95
280.94
280.93
280.93
280.92
280.91
280.9
280.89
280.88
280.87
280.86
280.85
280.84
280.83
280.82
280.81
280.8
280.79
280.78
280.76
280.75
280.74
280.73
280.71
280.7
280.69
280.67
280.66
280.64
280.63
280.61
280.6
280.58
280.56
280.55
280.53
280.51
280.5
280.48
280.46
280.45
280.43
280.41
280.39
280.38
280.36
280.34
280.33
280.31
280.29
280.28
280.26
280.25
280.23
280.22
280.2
280.19
280.17
280.16
280.14
280.13
280.12
280.1
280.09
280.08
280.07
280.06
280.05
280.04
280.03
280.02
280.01
280.01
280.0
279.99
279.99
279.98
279.98
279.98
279.97
279.97
279.97
279.97
279.97
279.97
279.98
279.98
279.98
279.99
279.99
280.0
280.01
280.02
280.03
280.04
280.05
280.06
280.08
280.09
280.11
280.12
280.14
280.16
280.18
280.2
280.22
280.25
280.27
280.3
280.32
280.35
280.38
280.41
280.43
280.47
280.5
280.53
280.56
280.6
280.63
280.67
280.71
280.74
280.78
280.82
280.86
280.9
280.94
280.99
281.03
281.07
281.11
281.16
281.2
281.25
281.29
281.34
281.38
281.42
281.47
281.51
281.55
281.6
281.64
281.68
281.72
281.76
281.8
281.84
281.87
281.91
281.94
281.98
282.01
282.04
282.07
282.1
282.13
282.16
282.19
282.21
282.23
282.25
282.27
282.29
282.31
282.33
282.34
282.35
282.36
282.37
282.38
282.38
282.39
282.39
282.39
282.38
282.38
282.37
282.36
282.35
282.34
282.32
282.3
282.28
282.26
282.24
282.21
282.19
282.16
282.12
282.09
282.05
282.01
281.97
281.93
281.88
281.84
281.79
281.74
281.68
281.63
281.57
281.51
281.45
281.39
281.32
281.25
281.18
281.11
281.04
280.96
280.89
280.81
280.73
280.65
280.56
280.48
280.39
280.31
280.22
280.13
280.03
279.94
279.85
279.75
279.66
279.56
279.47
279.37
279.27
279.18
279.08
278.98
278.88
278.79
278.69
278.6
278.5
278.41
278.31
278.22
278.13
278.04
277.95
277.87
277.79
277.7
277.63
277.55
277.47
277.4
277.33
277.27
277.21
277.15
277.09
277.04
276.98
276.93
276.89
276.85
276.8
276.76
276.73
276.69
276.66
276.63
276.6
276.57
276.55
276.52
276.5
276.48
276.46
276.44
276.42
276.4
276.39
276.37
276.36
276.34
276.33
276.32
276.31
276.3
276.29
276.28
276.27
276.27
276.26
276.25
276.25
276.24
276.23
276.23
276.22
276.22
276.21
276.21
276.2
276.2
276.19
276.19
276.19
276.18
276.18
276.18
276.18
276.18
276.18
276.18
276.19
276.19
276.19
276.2
276.2
276.21
276.22
276.22
276.23
276.24
276.25
276.26
276.27
276.28
276.29
276.3
276.32
276.33
276.34
276.36
276.37
276.39
276.4
276.42
276.44
276.45
276.47
276.49
276.5
276.52
276.54
276.56
276.58
276.6
276.62
276.63
276.65
276.67
276.69
276.71
276.73
276.75
276.76
276.78
276.8
276.82
276.84
276.85
276.87
276.88
276.9
276.91
276.93
276.94
276.96
276.97
276.98
276.99
277.0
277.01
277.02
277.04
277.05
277.06
277.07
277.08
277.09
277.1
277.11
277.12
277.13
277.14
277.15
277.17
277.18
277.19
277.21
277.22
277.24
277.26
277.27
277.29
277.31
277.33
277.35
277.38
277.4
277.43
277.45
277.48
277.51
277.54
277.58
277.61
277.65
277.69
277.73
277.77
277.81
277.86
277.91
277.96
278.01
278.06
278.12
278.18
278.24
278.3
278.36
278.43
278.5
278.57
278.64
278.72
278.8
278.88
278.96
279.04
279.13
279.22
279.31
279.4
279.49
279.58
279.67
279.77
279.87
279.96
280.06
280.16
280.25
280.35
280.45
280.55
280.65
280.75
280.85
280.95
281.04
281.14
281.24
281.34
281.44
281.54
281.64
281.74
281.84
281.94
282.04
282.14
282.24
282.34
282.44
282.54
282.64
282.74
282.84
282.94
283.04
283.14
283.24
283.34
283.44
283.54
283.64
283.74
283.85
283.95
284.06
284.17
284.29
284.41
284.54
284.68
284.83
284.99
285.16
285.33
285.5
285.67
285.83
285.97
286.1
286.21
286.3
286.36
286.42
286.46
286.5
286.54
286.58
286.62
286.67
286.73
286.79
286.87
286.95
287.05
287.16
287.28
287.41
287.56
287.71
287.87
288.04
288.22
288.41
288.61
288.82
289.04
289.27
289.52
289.77
290.04
290.33
290.63
290.94
291.27
291.62
291.97
292.32
292.68
293.03
293.39
293.73
294.07
294.4
294.72
295.03
295.34
295.65
295.95
296.26
296.57
296.89
297.22
297.55
297.89
298.24
298.58
298.93
299.28
299.63
299.98
300.33
300.68
301.03
301.38
301.72
302.07
302.41
302.74
303.07
303.4
303.74
304.08
304.43
304.78
305.15
305.52
305.91
306.32
306.74
307.18
307.62
308.07
308.52
308.95
309.38
309.78
310.12
310.39
310.58
310.71
310.79
310.83
310.84
310.85
310.87
310.94
311.07
311.29
311.61
312.01
312.48
313.02
313.6
314.2
314.75
315.2
315.51
315.75
316.42
317.24
318.06
318.74
319.27
319.83
320.71
321.69
322.64
323.85
325.06
325.97
326.98
328.52
329.88
330.68
331.6
332.88
334.53
336.1
337.74
339.37
340.78
342.2
343.79
345.27
346.67
348.31
350.35
352.31
353.78
355.0
355.93
356.71
357.95
359.75
361.59
363.19
365.2
367.41
368.92
370.35
372.17
374.44
376.65
378.69
380.83
382.8
384.65
386.53
388.57
390.65
392.77
395.16
397.54
399.62
401.26
