286.1
286.21
286.3
286.36
286.42
286.46
286.5
286.54
286.58
286.62
286.67
286.73
286.79
286.87
286.95
287.05
287.16
287.28
287.41
287.56
287.71
287.87
288.04
288.22
288.41
288.61
288.82
289.04
289.27
289.52
289.77
290.04
290.33
290.63
290.94
291.27
291.62
291.97
292.32
292.68
293.03
293.39
293.73
294.07
294.4
294.72
295.03
295.34
295.65
295.95
296.26
296.57
296.89
297.22
297.55
297.89
298.24
298.58
298.93
299.28
299.63
299.98
300.33
300.68
301.03
301.38
301.72
302.07
302.41
302.74
303.07
303.4
303.74
304.08
304.43
304.78
305.15
305.52
305.91
306.32
306.74
307.18
307.62
308.07
308.52
308.95
309.38
309.78
310.12
310.39
310.58
310.71
310.79
310.83
310.84
310.85
310.87
310.94
311.07
311.29
311.61
312.01
312.48
313.02
313.6
314.2
314.75
315.2
315.51
315.75
316.42
317.24
318.06
318.74
319.27
319.83
320.71
321.69
322.64
323.85
325.06
325.97
326.98
328.52
329.88
330.68
331.6
332.88
334.53
336.1
337.74
339.37
340.78
342.2
343.79
345.27
346.67
348.31
350.35
352.31
353.78
355.0
355.93
356.71
357.95
359.75
361.59
363.19
365.2
367.41
368.92
370.35
372.17
374.44
376.65
378.69
380.83
382.8
384.65
386.53
388.57
390.65
392.77
395.16
397.54
399.62
401.26
